0.263440
0.630541
0.929673
0.404325
-0.603809
-0.674031
0.254034
-0.401583
-0.145245
-0.797024
0.778891
-0.294867
-0.662105
-0.054263
0.099146
-0.898716
0.440018
-0.275981
0.884702
-0.392828
0.963103
-0.699744
-0.110636
-0.537051
-0.282277
0.765677
-0.694622
-0.108596
0.355887
0.497319
-0.597910
0.996559
0.050186
-0.753495
-0.353537
-0.469928
0.532998
-0.441251
-0.212536
0.723462
-0.514562
0.978455
0.692706
-0.501792
0.880115
-0.004154
-0.660015
-0.320522
-0.175466
-0.392858
0.886943
-0.398237
-0.334979
0.364136
-0.173167
0.168356
-0.606966
-0.372264
-0.233526
0.075384
0.181631
-0.486293
0.200177
-0.454723
0.791708
0.622280
0.564982
0.141598
-0.602675
0.983342
-0.727421
-0.780784
-0.756803
0.928991
0.940153
-0.951139
0.095192
0.599749
-0.438681
-0.893848
-0.773897
0.798272
-0.721166
-0.643476
-0.603495
0.239266
-0.868978
0.563349
-0.492240
-0.916262
0.548701
-0.366882
0.223319
-0.843123
-0.912502
-0.115430
-0.103696
-0.431133
-0.528700
0.166945
-0.983391
-0.877780
-0.100332
0.568813
-0.787092
0.457813
-0.544094
-0.430940
0.349695
-0.704465
0.654869
-0.610301
0.589996
-0.449259
-0.058571
0.178462
-0.789220
0.711086
0.781404
-0.547315
-0.194932
-0.464635
-0.040673
0.060938
-0.110366
0.812590
-0.148909
-0.078130
0.611471
0.402684
0.068029
0.182093
-0.130100
0.646428
0.971800
0.881591
-0.568168
0.377483
-0.762104
-0.060994
0.791816
-0.084586
0.667130
-0.512899
-0.225542
-0.422623
-0.379067
0.632442
0.027941
0.484140
0.349425
0.948702
-0.165947
-0.636097
0.766366
-0.774929
-0.808965
-0.893264
-0.827971
0.980509
-0.628220
0.688713
-0.017694
0.158834
0.318252
-0.543844
0.892913
-0.135794
0.245072
0.739796
-0.562506
0.282207
-0.477967
0.876862
0.914299
-0.679575
0.624508
0.386446
0.198800
0.141256
0.358437
