0.879770 0.830436 0.759253 -0.836395 0.369165 -0.491819 0.048068 0.377352 -0.106341 0.353037 -0.752027 -0.709664 0.175890 -0.468587 -0.535173 -0.087731 -0.670051 -0.515846 -0.021631 -0.990560 0.597359 -0.786172 0.935596 0.489444 -0.455082 -0.693446 -0.091796 -0.928882 -0.432157 0.839479 -0.525583 -0.603439 -0.619245 0.565465 -0.343071 0.438154 -0.817892 0.192010 0.715187 -0.877269 0.710720 0.893207 -0.121255 0.291180
0.879770 0.830436 0.223412 0.361452 0.259469 -0.892509 0.244530 -0.903438 -0.106341 0.353037 -0.752027 -0.036794 0.175890 0.775902 -0.546086 -0.990887 0.935822 -0.575702 0.959508 -0.990560 0.597359 0.180220 0.733778 -0.271295 0.368732 0.988546 -0.147971 -0.115134 0.074064 -0.429297 -0.525583 -0.843661 0.087084 0.018396 -0.343071 0.438154 0.671176 -0.251357 -0.517667 -0.397851 -0.486035 0.258704 0.766985 0.541250
0.879770 0.830436 -0.168545 -0.469778 -0.083730 -0.025206 -0.319214 -0.903438 -0.106341 0.353037 0.169687 -0.036794 -0.676500 0.775902 -0.546086 -0.990887 0.935822 -0.789269 -0.850296 0.568032 0.249167 0.180220 -0.332149 0.602461 0.720721 0.988546 0.455194 -0.091348 -0.995670 0.325063 -0.525583 -0.436212 0.087084 0.018396 -0.343071 -0.284041 0.671176 -0.251357 0.715187 -0.397851 -0.486035 0.258704 -0.448733 0.541250
0.879770 0.830436 -0.168545 0.361452 0.259469 -0.025206 -0.388606 0.272426 -0.106341 0.353037 -0.752027 0.750211 0.175890 0.775902 -0.546086 -0.990887 -0.434792 -0.575702 -0.850296 -0.990560 0.597359 0.180220 0.733778 -0.271295 0.720721 0.432785 -0.369507 -0.115134 -0.995670 0.325063 -0.525583 -0.436212 -0.489251 -0.742277 -0.343071 -0.195750 0.671176 -0.251357 0.715187 0.009445 0.473897 0.862823 0.766985 0.291180
0.914908 0.830436 0.223412 0.361452 -0.513106 -0.892509 -0.388606 0.272426 -0.106341 0.353037 -0.752027 -0.036794 -0.295971 0.775902 -0.546086 -0.990887 0.935822 -0.575702 -0.850296 -0.990560 0.597359 0.180220 0.733778 -0.271295 0.720721 0.988546 0.408968 0.289161 -0.995670 -0.429297 -0.525583 -0.843661 -0.489251 0.033984 -0.343071 0.727127 0.886130 -0.251357 -0.517667 0.009445 0.473897 0.258704 0.124721 0.502857
0.879770 0.830436 -0.168545 -0.836395 -0.083730 -0.491819 -0.319214 0.377352 -0.106341 0.353037 0.169687 0.061197 0.175890 0.775902 -0.546086 -0.087731 -0.273185 0.196916 -0.771399 0.568032 0.230976 -0.786172 0.935596 0.489444 -0.455082 0.988546 0.455194 0.748613 -0.432157 0.839479 -0.525583 -0.436212 -0.619245 0.565465 -0.343071 0.438154 0.545154 0.192010 0.715187 -0.397851 0.710720 0.893207 -0.448733 0.541250
0.879770 -0.967177 -0.168545 -0.469778 0.259469 -0.892509 0.244530 0.925956 -0.106341 0.353037 0.595665 -0.036794 -0.676500 0.775902 -0.546086 -0.990887 0.935822 -0.789269 0.358744 0.568032 -0.029789 0.180220 0.733778 0.602461 0.368732 0.988546 -0.147971 -0.091348 0.074064 -0.429297 -0.525583 -0.843661 0.087084 0.018396 -0.343071 0.393434 0.671176 -0.419647 -0.517667 -0.397851 -0.486035 0.258704 0.766985 0.541250
0.879770 0.830436 0.759253 0.023947 -0.083730 -0.025206 -0.319214 -0.903438 -0.106341 0.353037 -0.752027 -0.036794 -0.676500 -0.973180 -0.535173 -0.087731 0.935822 -0.515846 -0.850296 -0.990560 0.249167 0.875583 0.986142 0.489444 -0.212176 -0.049649 0.455194 -0.928882 -0.432157 0.839479 -0.525583 -0.436212 -0.619245 0.018396 -0.343071 0.438154 0.671176 -0.251357 0.715187 -0.397851 0.710720 0.893207 -0.448733 -0.043641
0.879770 0.830436 -0.168545 0.361452 -0.804366 -0.025206 0.048068 0.272426 -0.106341 0.353037 -0.752027 0.156108 0.175890 -0.468587 -0.535173 -0.087731 -0.670051 -0.575702 -0.021631 -0.990560 0.597359 -0.786172 0.825368 -0.689713 -0.455082 -0.693446 -0.091796 -0.115134 -0.432157 0.325063 -0.525583 -0.436212 -0.489251 0.367394 -0.343071 -0.195750 0.671176 -0.737330 0.715187 0.009445 0.608913 0.862823 -0.121255 0.291180
0.879770 0.557729 0.817433 -0.469778 -0.083730 -0.025206 -0.319214 0.272426 -0.106341 0.353037 0.169687 0.750211 0.175890 0.775902 -0.618155 -0.990887 0.935822 -0.789269 -0.850296 0.698181 0.249167 0.180220 0.733778 0.930612 0.720721 0.894352 0.455194 -0.091348 -0.915022 0.325063 -0.525583 -0.436212 -0.489251 0.018396 -0.964192 -0.284041 0.671176 -0.836767 0.715187 -0.397851 -0.486035 0.258704 0.766985 -0.961032
0.879770 0.830436 -0.168545 -0.469778 0.415113 -0.790543 -0.319214 0.272426 -0.106341 0.066468 -0.752027 0.248600 0.648426 0.775902 -0.546086 -0.990887 0.935822 -0.789269 -0.850296 0.568032 0.249167 0.180220 0.733778 0.602461 -0.414432 0.988546 -0.369507 -0.091348 -0.653951 0.038774 -0.525583 -0.436212 0.087084 -0.742277 -0.343071 -0.284041 0.671176 -0.251357 0.715187 -0.397851 -0.486035 -0.721335 0.766985 0.291180
0.879770 0.830436 0.759253 0.361452 0.369165 -0.025206 -0.388606 0.377352 -0.106341 -0.203334 -0.493783 -0.983366 0.175890 -0.468587 -0.546086 -0.551263 -0.434792 0.368321 0.623556 -0.990560 0.597359 0.180220 -0.153349 -0.271295 -0.250575 -0.693446 -0.369507 -0.115134 -0.995670 0.325063 -0.525583 -0.603439 -0.619245 -0.742277 -0.748327 -0.195750 -0.817892 -0.287844 0.715187 -0.877269 0.473897 0.893207 -0.826796 0.291180
0.879770 0.830436 0.536610 0.361452 0.895870 -0.025206 -0.388606 -0.903438 -0.106341 0.353037 -0.752027 -0.036794 -0.676500 0.775902 0.304176 -0.990887 -0.434792 -0.575702 -0.850296 -0.990560 0.491569 0.180220 0.733778 0.602461 0.720721 0.988546 -0.369507 -0.091348 -0.995670 0.325063 -0.525583 -0.436212 -0.489251 -0.685771 -0.343071 0.900410 0.671176 -0.251357 0.715187 -0.397851 0.473897 0.258704 -0.448733 0.114798
0.879770 0.382053 -0.011703 0.361452 0.259469 -0.025206 -0.388606 0.272426 -0.106341 -0.987054 -0.752027 0.267684 0.175890 0.365062 -0.546086 -0.990887 -0.299158 -0.575702 0.959508 -0.990560 0.597359 0.656495 0.733778 -0.271295 0.368732 0.432785 -0.369507 -0.115134 -0.995670 -0.429297 -0.525583 -0.436212 0.460061 -0.742277 -0.685311 -0.904334 0.671176 -0.251357 -0.517667 -0.397851 -0.486035 0.334149 0.766985 0.917423
0.879770 -0.026690 0.759253 -0.803963 -0.780880 -0.270106 0.048068 0.377352 -0.106341 0.353037 -0.752027 -0.036794 0.941066 -0.468587 0.501898 -0.087731 0.935822 -0.789269 -0.021631 -0.990560 0.597359 -0.786172 0.708450 0.489444 -0.455082 0.988546 -0.091796 -0.091348 -0.432157 0.839479 0.905323 -0.603439 -0.619245 -0.312317 -0.343071 -0.284041 0.055663 0.192010 -0.137896 -0.877269 0.710720 0.893207 0.878759 0.541250
