-0.451344
0.039468
-0.610881
0.430582
-0.620439
0.595071
0.251083
-0.606929
-0.708519
-0.736606
-0.406732
0.992966
-0.429202
0.088485
0.730818
0.705155
-0.665659
-0.516813
0.923771
0.957178
0.565408
0.058777
0.646742
0.512386
-0.141301
0.333899
-0.689958
0.274930
-0.898716
0.440018
0.312502
-0.784241
-0.568224
-0.623718
-0.655201
-0.401099
-0.742032
0.574168
-0.207332
-0.824263
0.024313
0.738239
0.671301
-0.069549
0.569994
0.984583
0.715204
-0.353537
-0.132622
0.466029
0.500739
0.081196
0.571189
0.300798
0.555573
-0.737842
-0.094557
-0.043277
-0.028767
-0.346662
-0.345495
-0.341299
0.710047
0.343610
0.068352
-0.889203
-0.776379
-0.992406
-0.779127
0.588749
-0.589217
-0.463810
0.624516
-0.430385
0.491110
-0.146908
0.265643
-0.948293
-0.242147
0.004590
0.459569
-0.421839
0.355936
0.653119
0.513633
-0.528621
0.050867
0.022996
0.880650
-0.595314
-0.976809
-0.438681
0.302611
-0.934717
0.868397
0.031274
0.633131
0.272902
-0.478201
0.039131
0.294977
-0.509475
0.087061
0.252840
0.943071
-0.481291
0.848644
0.490470
0.390416
0.623840
-0.791565
-0.621583
0.470871
-0.440621
0.702382
-0.662813
-0.074339
0.000102
-0.373567
-0.474279
-0.644148
-0.124396
0.103289
0.170463
-0.783810
0.126126
0.771560
-0.884838
0.178462
-0.791495
-0.366038
-0.931885
-0.706323
0.770865
-0.207176
0.832304
-0.077209
-0.428718
-0.781111
0.971321
0.033516
-0.457587
-0.428660
0.484013
0.424056
-0.449569
0.527784
0.971800
-0.564758
0.155031
0.377483
-0.300442
0.339781
-0.529055
-0.939283
0.901017
0.495527
-0.524582
0.846033
0.830480
-0.020728
0.812054
0.484140
-0.648267
0.636599
0.304790
0.409264
-0.603647
-0.639411
0.825053
0.470335
-0.902658
0.855588
0.500788
-0.017824
0.096622
0.358558
0.318252
0.069831
-0.990577
0.646150
0.526861
0.164855
-0.691241
0.083934
0.917590
-0.983693
-0.562379
-0.216855
0.702442
0.680343
-0.124032
-0.403709
-0.771515
-0.445696
0.314359
-0.628076
-0.720200
-0.666751
0.112608
-0.820073
-0.563749
-0.674124
-0.185294
0.038506
