-0.708504
0.990979
0.436536
-0.940968
-0.974239
-0.001278
-0.393233
-0.799349
0.938459
0.959643
0.546152
-0.754927
-0.341820
0.027156
-0.304443
-0.960082
-0.485322
-0.648940
-0.589134
-0.840709
-0.042146
-0.958743
0.194102
0.199715
0.923388
0.835744
-0.747408
0.797918
-0.216199
-0.609477
-0.908492
-0.722079
0.319029
-0.493633
-0.174910
-0.452491
-0.825049
0.160008
-0.577779
-0.262731
0.645240
0.559477
-0.225456
0.890749
0.134288
0.063014
0.271521
-0.146401
-0.361519
-0.763330
0.204067
-0.304402
0.013339
0.769049
0.124648
-0.943902
-0.505646
0.403906
0.948769
0.935864
-0.233783
-0.458373
-0.846706
-0.661549
0.377649
-0.475798
-0.259792
-0.151498
0.621780
0.195474
-0.621906
-0.642455
-0.745602
-0.738967
0.461626
0.534508
-0.264174
0.839195
0.577740
-0.148788
0.821668
-0.194768
0.018299
-0.602346
0.675742
0.800592
-0.420041
0.740244
0.723075
-0.959385
0.905967
0.393550
-0.807393
0.688706
0.467875
-0.311807
0.145614
0.282437
0.205198
0.662622
-0.415294
0.430103
0.737833
-0.002771
0.597171
0.508844
0.222126
-0.406136
0.539396
-0.734522
-0.600471
-0.986597
-0.271919
0.080383
0.673419
-0.878562
-0.461577
0.580698
-0.328998
-0.229366
0.095816
-0.853925
0.391643
-0.626746
-0.390963
-0.451881
-0.979500
0.258719
0.144601
-0.754230
0.743354
0.100509
0.614503
-0.592991
0.474747
0.491243
0.454219
0.167956
0.535061
0.735642
-0.885755
0.742341
0.198023
0.909826
-0.920326
0.262351
0.484872
0.269688
-0.564758
-0.377018
-0.406962
-0.980832
0.369777
0.179564
0.185624
0.021079
0.140708
-0.209698
-0.243837
0.471396
0.833285
-0.135222
-0.962616
-0.419147
-0.802063
0.170102
0.175278
0.259565
-0.829638
0.884636
0.181237
-0.102650
-0.145118
0.741619
0.113535
0.006062
0.382937
0.031859
-0.267888
-0.920863
0.560665
-0.728635
0.297895
-0.399220
0.739375
-0.406799
0.494116
-0.683249
-0.983103
-0.558023
-0.122807
-0.664189
0.323936
-0.433483
-0.525309
0.723976
-0.065157
0.784456
-0.788232
0.624643
-0.554383
-0.298452
0.345410
-0.829301
-0.069453
