-0.556014
0.476504
-0.871590
-0.694261
-0.481121
-0.743981
0.531816
0.578164
0.123078
-0.964729
0.406166
0.476881
0.264448
-0.298730
-0.511291
-0.451827
-0.257519
-0.466082
0.257576
-0.154311
-0.250104
0.053862
0.950229
-0.247748
-0.809432
-0.664835
-0.225165
0.728289
0.920453
-0.623171
-0.254145
-0.590889
0.087038
0.994479
0.949003
0.026021
0.985740
0.311043
0.279590
0.256856
-0.039460
0.604994
0.685990
-0.255905
-0.203211
-0.911730
0.962937
0.069147
0.995629
-0.610542
-0.925165
-0.850295
0.707012
-0.826949
0.266428
0.027046
-0.843939
0.880560
0.547794
0.019729
0.456587
0.539279
0.853365
-0.422282
-0.701796
0.304855
-0.503523
-0.928982
0.405249
-0.058510
0.055015
-0.159512
-0.948018
-0.700776
-0.955700
-0.396281
-0.345739
0.569733
0.317785
0.784975
0.887080
-0.527529
-0.266894
0.437177
-0.269914
-0.233182
0.020710
0.279189
0.808902
-0.991860
0.112069
-0.566259
-0.732735
-0.930232
0.916701
0.210597
0.510763
0.687035
0.138070
-0.207333
-0.567330
0.692081
0.223161
0.468380
-0.095162
0.209761
0.533854
-0.202491
-0.629856
-0.739403
0.045655
0.163883
-0.537703
0.159279
0.053435
0.905930
0.750988
0.630723
0.308786
0.379496
0.176246
-0.719491
0.570467
-0.266869
0.591998
0.976151
-0.520719
0.863767
-0.272800
-0.451767
-0.879808
0.756786
0.626341
0.605055
-0.541658
-0.515785
0.399509
0.785406
0.770015
0.801816
-0.420384
0.629088
0.178748
-0.620029
-0.121534
0.581821
-0.708486
0.968108
-0.696572
0.363188
0.156935
0.311920
0.663211
-0.054344
-0.421634
-0.049320
0.755720
-0.506673
0.053031
-0.088957
-0.290313
0.868790
-0.573079
0.054358
-0.699121
0.320101
0.961788
0.069569
0.404186
0.093016
