0.113241
0.476504
-0.586562
0.464622
-0.483945
0.348353
0.288778
0.036836
-0.406399
-0.964729
-0.838517
0.379162
0.668028
-0.683380
-0.646406
-0.312753
-0.171530
-0.407840
0.257576
-0.880305
0.199858
0.963781
-0.430628
0.743487
-0.344872
-0.711671
0.685067
-0.884036
-0.213242
0.797732
-0.691407
-0.590889
-0.223616
0.559029
-0.954134
0.155326
-0.163338
0.526797
0.642359
0.971249
-0.481805
0.280266
0.089410
0.669266
-0.995572
0.746186
0.962937
-0.202110
-0.230538
0.092913
0.541708
0.271409
-0.902734
0.796264
-0.702285
-0.901244
-0.565908
0.371418
0.633320
0.339236
0.270712
0.020273
0.853365
0.825254
0.638823
0.543304
-0.277903
-0.126553
0.855470
0.281986
-0.897714
-0.622665
-0.269044
0.612281
0.590175
-0.396281
0.277755
0.255170
0.288360
0.878599
0.887080
-0.776615
0.687110
0.550374
-0.687937
-0.233182
0.020710
0.645127
-0.002404
-0.975261
-0.316240
-0.777779
-0.732735
0.924630
0.029476
0.897480
0.600953
-0.342347
0.830282
0.150628
-0.567330
0.602803
-0.122786
-0.619044
-0.662048
-0.243629
0.533854
-0.951629
0.842941
-0.739403
0.476575
-0.444831
-0.339493
-0.834523
0.053435
0.905930
0.785969
0.930315
0.539865
0.518198
-0.555609
-0.949657
0.570467
-0.299337
-0.252571
0.560579
-0.861788
0.092484
-0.093763
0.620628
-0.879808
-0.100513
-0.117086
0.500007
-0.873198
-0.515785
0.302157
0.224546
-0.129391
-0.582392
-0.957943
-0.274480
0.199475
-0.344931
-0.880357
0.929993
0.545578
0.932286
0.651412
-0.278785
0.973003
-0.785021
-0.581231
0.484349
0.740958
-0.099167
-0.051437
-0.563387
-0.888332
-0.088957
-0.496791
-0.832381
-0.537635
0.966167
-0.245530
0.320101
0.526342
-0.160862
0.207968
-0.338643
