0.113241
-0.171537
-0.537528
-0.148725
-0.152301
0.909532
-0.508235
-0.578107
0.334997
-0.952911
-0.221369
0.192548
0.987998
0.520662
0.662480
-0.326247
-0.257519
0.121829
0.740637
-0.154311
0.453579
0.826445
0.302034
-0.429533
-0.290429
0.554764
-0.225165
-0.747874
-0.356462
0.650729
0.827032
-0.974304
0.885133
-0.750615
-0.443688
0.056915
0.338517
-0.825780
0.309722
-0.297379
-0.765044
-0.027652
-0.887252
-0.186592
-0.234198
-0.663584
-0.802412
-0.938227
-0.631318
0.255233
0.859260
-0.489188
-0.165959
0.157502
-0.788054
0.233339
0.481814
0.290373
-0.391941
0.695634
0.287867
0.125111
-0.668832
-0.514166
0.800020
-0.552321
0.891119
0.412484
-0.970686
-0.628646
-0.323323
-0.457207
-0.634254
0.597573
-0.628438
-0.734556
-0.123662
-0.913898
-0.328010
-0.799479
-0.010373
-0.527529
0.733961
-0.125325
-0.269914
-0.376983
-0.988246
-0.612560
-0.099659
0.389563
0.333890
0.268818
-0.618687
-0.104990
0.916701
-0.422630
-0.672970
-0.853348
-0.693284
0.965750
-0.567330
-0.019125
-0.654161
0.468380
0.494639
-0.299641
0.554269
0.044454
-0.629856
0.246705
0.461923
0.798522
-0.011534
-0.109003
0.878697
0.685520
0.405290
0.739649
0.588466
0.254243
-0.879360
0.153150
0.092414
0.455360
0.428635
0.466736
-0.734188
0.761056
-0.337993
-0.208613
-0.376324
0.704802
0.436222
-0.134139
0.166225
0.712393
-0.048815
0.995038
0.508292
0.358926
0.462368
-0.102297
0.199475
-0.191809
-0.121534
0.094543
-0.687128
0.050899
-0.768121
0.503415
0.210006
-0.786501
-0.060667
0.584211
0.459699
-0.644849
0.202343
0.677427
-0.714122
0.941825
0.636836
-0.882873
0.306328
0.063942
-0.699121
-0.717511
-0.470342
0.069569
-0.913627
0.772269
