0.434227
0.741465
0.990814
0.837222
-0.236622
0.206054
0.531816
-0.688976
-0.406399
-0.624558
-0.838517
0.476881
-0.174476
0.268072
0.759874
-0.451827
-0.171530
-0.407840
-0.220733
0.159676
-0.258754
0.026986
-0.430628
-0.492824
-0.344872
0.932698
-0.668774
0.927861
0.920453
-0.623171
-0.951387
-0.590889
-0.423499
0.559029
-0.954134
-0.293526
-0.996716
0.030945
0.279590
0.971249
-0.481805
0.604994
0.740966
-0.360518
-0.995572
-0.061023
0.962937
-0.202110
0.178277
0.092913
0.541708
-0.030138
-0.941777
-0.826949
-0.777092
0.863253
0.929831
0.263532
0.668345
0.132164
0.270712
0.306257
0.357436
-0.984917
0.638823
-0.811595
0.891119
-0.928982
0.092717
0.592285
-0.897714
-0.622665
-0.269044
0.707814
0.590175
-0.311240
0.277755
-0.013170
-0.189819
0.878599
0.887080
-0.776615
0.687110
-0.307944
-0.798345
-0.233182
0.020710
0.922206
-0.983265
-0.975261
0.719414
-0.777779
0.056108
-0.541437
-0.144140
-0.106784
0.600953
-0.959217
-0.207805
-0.177233
-0.919190
0.893596
-0.454217
-0.619044
-0.095162
0.245411
-0.335904
-0.951629
0.842941
0.907261
-0.184629
0.797142
-0.339493
-0.834523
0.053435
0.321689
0.785969
0.930315
0.539865
0.518198
-0.301425
0.403106
0.534663
0.352138
-0.252571
0.396687
0.064140
0.821483
-0.272800
0.620628
0.410589
-0.100513
0.626341
0.591304
-0.873198
-0.515785
-0.616546
0.615555
-0.659500
-0.609311
0.495881
0.620571
0.005372
0.829469
0.756363
0.929993
0.141950
-0.394964
0.651412
0.318835
-0.179718
0.069470
0.161837
-0.715727
0.304542
-0.516282
-0.937740
0.005494
0.181921
0.784667
-0.081309
-0.162692
-0.150040
0.907174
0.922422
0.578020
-0.619740
-0.042416
0.207968
0.497152
