0.065682
-0.094864
-0.712744
0.873954
-0.075079
0.549993
-0.925556
-0.677831
-0.255159
0.819060
-0.938093
0.579344
-0.341660
0.824038
-0.031893
-0.201116
0.289576
-0.944511
0.477742
0.683935
-0.984143
0.531351
0.126852
0.481404
0.945502
-0.109573
-0.316531
0.086637
0.922780
-0.373914
0.137683
-0.615535
0.785833
0.830028
-0.103387
-0.086854
-0.734494
0.362095
-0.810887
-0.048023
0.809320
0.294937
0.800005
-0.254457
0.545143
0.947735
-0.521790
0.251577
-0.641933
-0.883968
-0.368638
-0.065123
-0.412434
0.710200
0.861664
0.758574
-0.920518
-0.473975
-0.384093
-0.690129
-0.345149
-0.127072
0.171111
0.048263
-0.129755
0.248399
0.139953
-0.817873
-0.532588
-0.629640
0.030285
0.156633
-0.107064
0.234162
-0.610453
-0.584291
0.765819
0.040942
0.187481
0.214708
-0.763888
0.417982
0.430820
-0.004782
-0.738722
-0.196218
0.393242
-0.760352
0.588840
0.327283
-0.268679
0.105560
0.769016
-0.592248
-0.407590
-0.401583
0.848030
0.957167
-0.171338
0.546373
-0.663894
-0.607019
0.099146
-0.898716
-0.043020
0.637831
-0.702015
0.692215
-0.152702
-0.718517
-0.503196
0.117293
-0.107430
0.761503
-0.522469
0.089995
0.295539
-0.872150
0.473578
-0.663960
-0.840228
-0.753495
0.012510
-0.469928
0.298454
-0.073380
0.135838
-0.051390
-0.419083
-0.381205
0.692706
0.898381
-0.205179
0.578968
-0.576068
0.400395
